Accession	naive_primed	naive_naive2i	primed_primed2i
H11_HUMAN	2.00E-06	0.873923233	0.026451711
PGRC1_HUMAN	1.19E-05	NA	0.071671118
SPB9_HUMAN	1.30E-06	0.154604005	NA
PPBN_HUMAN	1.25E-06	0.445725551	0.082176627
UTF1_HUMAN	1.12E-06	0.011479548	0.635506641
ANXA2_HUMAN	1.08E-06	0.266451139	0.100359455
LORF1_HUMAN	0.019900577	NA	0.862797736
H2AY_HUMAN	9.09E-07	0.072693789	0.871748618
H2AW_HUMAN	0.0001813	0.877877392	0.358552747
ALDH2_HUMAN	0.010273037	0.408760306	NA
HMGA2_HUMAN	0.000113129	0.468820935	0.603834854
ODPA_HUMAN	1.21E-05	0.279997601	0.425175624
AP2A_HUMAN;AP2C_HUMAN	2.32E-09	0.244732428	0.474609826
DNM3L_HUMAN	0.000667521	0.109810008	0.193503754
LMNA_HUMAN	3.94E-07	0.272969605	0.668229357
SOX15_HUMAN	1.71E-09	0.003767877	0.032515988
MTDC_HUMAN	2.99E-05	0.031302529	0.150165525
PRDX1_HUMAN	0.000176494	0.43078882	0.017385382
CHP1_HUMAN	5.97E-06	0.018583123	0.869510832
ODPB_HUMAN	7.27E-05	0.199252266	0.445972522
ANXA1_HUMAN	0.003375823	0.366113429	0.076034338
PNPT1_HUMAN	0.000441711	0.30527408	0.634414349
ACON_HUMAN	0.000467287	0.176393365	0.328490302
PARP1_HUMAN	2.99E-07	0.862309938	0.42058451
S39A6_HUMAN	1.53E-05	0.254981145	0.955736834
HMGN1_HUMAN	5.02E-06	0.0035792	0.287080251
QCR7_HUMAN	2.19E-05	0.485824042	0.39253199
TCF20_HUMAN	0.000340496	0.230366122	0.07874539
LN28B_HUMAN	9.04E-05	0.430979864	0.034541931
EPIPL_HUMAN	0.001880798	0.332532687	0.880912563
GARS_HUMAN	0.000231121	0.630099456	0.014950164
RT23_HUMAN	2.35E-05	0.013514248	0.94070361
KHDCL_HUMAN	1.22E-06	0.02756041	0.046438475
GRP75_HUMAN	0.000110188	0.519325169	0.336616785
ADT2_HUMAN;ADT1_HUMAN	3.96E-05	0.606322112	0.701786103
ODP2_HUMAN	5.05E-05	0.077403626	0.126001716
OAT_HUMAN	0.000322039	0.010292417	0.50686022
ZIC5_HUMAN;ZIC1_HUMAN;ZIC2_HUMAN	8.57E-05	0.328959543	0.080063408
RM16_HUMAN	0.000834604	0.973243737	0.003371061
NSA2_HUMAN	4.52E-05	0.408047057	0.560240652
CEBPB_HUMAN	4.25E-05	0.432525388	0.60963222
CLPX_HUMAN	0.000324957	0.023759847	0.463641087
RM19_HUMAN	0.000343682	0.582954549	0.066693406
KRR1_HUMAN	0.000482113	0.008999384	0.014094338
RT05_HUMAN	6.69E-05	0.062249927	0.436321389
ODO2_HUMAN	1.78E-05	0.346775417	0.41996983
NDUS5_HUMAN	4.13E-05	0.24630388	0.032088741
IF2B1_HUMAN	1.52E-06	0.963369796	0.049219778
LONM_HUMAN	1.55E-05	0.201396557	0.534279397
EFTU_HUMAN	0.000203993	0.097816929	0.531444714
RMXL1_HUMAN	0.00015511	0.833849055	0.130927588
PSIP1_HUMAN	6.12E-06	0.239375299	0.018674013
TCEA1_HUMAN	4.48E-06	0.419879037	0.12831753
RS27A_HUMAN;RL40_HUMAN	0.000756889	0.817580851	0.380296642
RM15_HUMAN	0.000230516	0.073707154	0.392315706
CDCA5_HUMAN	1.63E-05	0.84983798	0.99616288
RM11_HUMAN	6.09E-05	0.03090021	0.022873867
HSPB1_HUMAN	0.000352218	0.157094858	0.029887402
NOP56_HUMAN	5.85E-06	0.616490854	0.077534438
RM17_HUMAN	0.000354607	0.049667899	0.54511075
TCOF_HUMAN	8.45E-05	0.029551776	0.24171671
TIM44_HUMAN	5.83E-05	0.286314756	0.037975132
GCSP_HUMAN	0.000894632	0.149499381	0.467214506
TIM8B_HUMAN	0.000724918	0.398450809	0.129741756
HCD2_HUMAN	0.004769817	0.182974001	0.251578085
NOP58_HUMAN	0.000157629	0.075191868	0.434354935
RCC1_HUMAN	3.03E-05	0.728293371	0.700331173
NHRF1_HUMAN	4.61E-05	0.213590512	0.009509201
HMGN5_HUMAN	0.00075467	0.285850328	0.606032987
HMGN2_HUMAN	0.001066208	0.108871552	0.915640565
GNL3_HUMAN	0.000155422	0.64347653	0.376399535
VAT1_HUMAN	0.000412378	0.502646086	0.454050179
FBRL_HUMAN	0.00052778	0.516876297	0.972993508
IF2P_HUMAN	0.001002309	0.491345966	0.013708063
SENP7_HUMAN	0.005678601	0.975367955	0.741796531
HMGN3_HUMAN	0.000590764	0.522656858	0.868215186
NOG2_HUMAN	2.57E-05	0.03146663	0.940825848
SON_HUMAN	0.000150885	0.545333975	0.404655396
DDX21_HUMAN	0.000259165	0.068021508	0.117137709
RL24_HUMAN	1.39E-05	0.045832665	0.036359045
ATPG_HUMAN	0.000141545	0.229810722	0.103907686
SPB1_HUMAN	0.000175855	0.453346804	0.355167738
RM02_HUMAN	0.000743349	0.219934008	0.428663367
P66B_HUMAN	0.019247643	0.969021235	0.138120355
CA131_HUMAN	0.000850221	0.010153268	0.161135253
WDR33_HUMAN	0.003335152	0.199801377	0.100169361
APOE_HUMAN	0.001789167	0.338037542	0.765981127
MRT4_HUMAN	0.001599637	0.04206035	0.93664156
RT36_HUMAN	0.00503248	0.048488277	0.627438172
RT22_HUMAN	3.33E-05	0.006281265	0.402150056
RT09_HUMAN	0.001883629	0.935991233	0.202285375
QCR1_HUMAN	0.000456612	0.772702402	0.417613264
CAF1A_HUMAN	0.000208149	0.143265865	0.38198139
RRP1_HUMAN	0.000169004	0.186630144	0.086984603
RPF1_HUMAN	0.015322423	0.527606874	0.040502795
LPPRC_HUMAN	0.001494867	0.145017247	0.790851674
ITA6_HUMAN	0.004026617	0.3206424	0.178775578
DDX41_HUMAN	0.00013289	0.269664006	0.053743305
NH2L1_HUMAN	2.89E-06	0.148466293	0.486764279
RT26_HUMAN	4.51E-05	0.00659023	0.976154095
CH60_HUMAN	0.002106867	0.763320463	0.351846521
GLYM_HUMAN	0.000111495	0.006927616	0.932810488
QCR2_HUMAN	0.000381161	0.017701297	0.149544876
U3IP2_HUMAN	0.001014747	0.845142859	0.063578437
COX7B_HUMAN	0.00272012	0.043394867	0.835974185
PEBP1_HUMAN	0.032108238	0.072466095	0.106438262
DHX9_HUMAN	0.000298324	0.030550467	0.745722608
CC137_HUMAN	0.001299624	0.584533396	0.083851512
RM44_HUMAN	0.000290433	0.117020179	0.412497862
COX5A_HUMAN	1.88E-05	0.703505122	0.179306769
RT15_HUMAN	0.000384114	0.054350126	0.284082831
RAB13_HUMAN	5.55E-05	0.552984916	0.838327431
ATPB_HUMAN	0.004551721	0.61032699	0.554696543
COXM1_HUMAN	6.12E-06	0.056021211	0.018942987
F136A_HUMAN	0.001381242	0.277487515	0.088997016
RL37A_HUMAN;RL37L_HUMAN	0.000622983	0.607278361	0.473127493
AGRE2_HUMAN	0.000500666	0.066054915	0.164989591
TOM34_HUMAN	0.000784686	0.13655547	0.248851536
RL7L_HUMAN	0.000234262	0.015188107	0.103177341
RT28_HUMAN	0.00298045	0.052171133	0.15863455
TBB4A_HUMAN;TBB6_HUMAN	0.000413097	0.011772678	0.7438808
LITD1_HUMAN	9.02E-06	0.268737192	0.51456327
SPS2L_HUMAN	6.26E-07	0.79437035	0.016500979
NOC3L_HUMAN	0.00081334	0.212753216	0.501243621
DX39B_HUMAN;DX39A_HUMAN	0.001933539	0.090648898	0.387461439
DNJA3_HUMAN	0.00133184	0.080027831	0.833694027
SLIRP_HUMAN	0.000757206	0.102089621	0.353520116
NOP10_HUMAN	5.34E-05	0.131844994	0.859791644
DNJB1_HUMAN	0.000439765	0.519300439	0.343401928
DHE3_HUMAN	0.005515113	0.927991322	0.158874566
RPF2_HUMAN	0.001144098	0.774152101	0.0307463
NOP16_HUMAN	1.97E-05	0.004763456	0.399864721
T2FA_HUMAN	0.001871896	0.266251144	0.023846832
DDX18_HUMAN	0.001299582	0.051148298	0.653843677
RL3_HUMAN	0.000363722	0.002436138	0.709577075
PA2G4_HUMAN	0.002552885	0.055103432	0.744222413
ATPA_HUMAN	0.003102913	0.278109085	0.701711525
BUD31_HUMAN	0.000304842	0.080667646	0.359486363
PURA_HUMAN	7.37E-05	0.460611506	0.103825846
C1TM_HUMAN	0.001198719	0.176110933	0.399666319
MAK16_HUMAN	0.007913189	0.701822825	0.22620518
IF6_HUMAN	6.15E-05	0.010929492	0.554016242
NIP7_HUMAN	0.008364263	0.13913848	0.940195005
HYOU1_HUMAN	0.000508686	0.032087713	0.760278463
K1C19_HUMAN;K1C14_HUMAN	0.000115758	0.499874207	0.413771408
UT14A_HUMAN	0.00392539	0.032730609	0.015874756
TEAD1_HUMAN;TEAD3_HUMAN	7.88E-05	0.010289989	0.221576152
MDHM_HUMAN	0.00155564	0.109856427	0.936424838
HMGA1_HUMAN	0.000509788	0.825212302	0.177287476
FUMH_HUMAN	0.00113105	0.29067208	0.703953725
ATP5J_HUMAN	0.000817762	0.224928756	0.396324373
H2B1M_HUMAN	0.000286965	0.35325	0.543505938
GRPE1_HUMAN	0.001092959	0.032257425	0.461437847
RABL3_HUMAN	0.000822953	0.102867302	0.34708786
HDGR3_HUMAN	5.90E-05	0.105249158	0.021525207
K2M2_SHEEP;KRT86_HUMAN	0.022388967	0.078290318	0.566628131
HIG2A_HUMAN	0.000440242	0.028153069	0.543047664
ICT1_HUMAN	0.000978589	0.105746536	0.080038471
SURF6_HUMAN	0.027693676	0.073284549	0.053367044
SSBP_HUMAN	0.001622654	0.032073613	0.280981081
LS14A_HUMAN	1.37E-05	0.412704347	0.271712795
RM14_HUMAN	0.007295856	0.058378815	0.409687928
MK67I_HUMAN	0.001011241	0.473091564	0.27662849
THYN1_HUMAN	0.044278391	0.03821023	0.465824167
PERE_HUMAN	0.001448653	0.880973842	0.50085551
UCRI_HUMAN	0.000529514	0.214219377	0.765706478
RT18A_HUMAN	0.012768994	0.694801058	0.111529191
SHCAF_HUMAN	0.000285069	0.864641786	0.114533569
MAX_HUMAN	0.000459017	0.815730091	0.029052815
RLP24_HUMAN	0.000417896	0.153277624	0.176574902
PDIP2_HUMAN	0.001219603	0.411263737	0.398372501
SRPK1_HUMAN	0.000957015	0.672141826	0.252103588
RM53_HUMAN	0.002827473	0.333702728	0.795484604
RM13_HUMAN	0.002605265	0.818284951	0.035591076
SMCA5_HUMAN	0.000375066	0.619538066	0.426863471
PLEC_HUMAN	0.002249951	0.120479917	0.976969283
IF2B3_HUMAN	3.89E-05	0.612274616	0.132865566
G45IP_HUMAN	0.00071944	0.137380279	0.16712051
NDUB6_HUMAN	0.001005612	0.078741739	0.925240615
ICAM5_HUMAN	0.016305531	0.254981145	0.123895828
CTCF_HUMAN	0.001679863	0.001114555	0.478986395
PESC_HUMAN	0.006611948	0.03818728	0.426116834
NOP2_HUMAN	0.00248243	0.068582708	0.309923357
IF4A3_HUMAN;IF4A1_HUMAN	6.70E-05	0.188701845	0.750763999
MPPB_HUMAN	0.005993452	0.693446251	0.686386873
RM09_HUMAN	0.014880372	0.123135709	0.294950448
RT07_HUMAN	0.000339274	0.425859083	0.798181477
RT06_HUMAN	0.000372586	0.000795199	0.469681324
CBX5_HUMAN	0.000871526	0.267123972	0.17040061
LAMC1_HUMAN	0.14889149	0.584266851	0.854193505
TIM9_HUMAN	0.000153976	0.206141005	0.842350835
LRFN3_HUMAN	0.050367338	0.071639458	0.301882579
PAIRB_HUMAN	0.000210736	0.055842486	0.013394792
NDUS1_HUMAN	0.000361393	0.24322038	0.057573542
NOG1_HUMAN	0.000427851	0.08450983	0.52200373
RL37_HUMAN	0.000187162	0.256753433	0.414694778
ATPO_HUMAN	0.002961445	0.674539733	0.964488969
DKC1_HUMAN	0.001552125	0.033550846	0.217156032
SRBS2_HUMAN	0.0029405	0.243190987	0.629666657
MTA2_HUMAN	0.001084201	0.66763269	0.574264553
DNM3B_HUMAN	0.000999888	0.225540912	0.044167586
L10K_HUMAN	0.038511783	0.100947246	0.168504682
AATM_HUMAN	0.005514385	0.047283659	0.2924882
RBM28_HUMAN	0.001578904	0.551520852	0.097899161
TFAP4_HUMAN	9.51E-06	0.857313259	0.008380998
RT63_HUMAN	0.002537722	0.107165742	0.509108773
SDHA_HUMAN	0.0002791	0.817640661	0.073344303
AN32A_HUMAN;AN32B_HUMAN	0.001388568	0.083235343	0.264645106
BRX1_HUMAN	0.002722846	0.308470653	0.850548468
FUBP2_HUMAN	0.003028318	0.882586174	0.076757948
CENPV_HUMAN	0.005920307	0.057276461	0.360775661
TRAP1_HUMAN	0.002221833	0.194103016	0.799193856
TXND5_HUMAN	0.003676411	0.492123362	0.539521001
EBP2_HUMAN	1.04E-05	0.010412443	0.061864645
CLD6_HUMAN	0.000916555	0.364521262	0.20268568
AMPL_HUMAN	0.005869949	0.79806504	0.051885841
NOP53_HUMAN	0.026966203	0.190849395	0.410205651
PNO1_HUMAN	0.012919536	0.047401912	0.450226483
ADRO_HUMAN	0.000149907	0.85462958	0.409081165
C1QBP_HUMAN	0.012435314	0.792987038	0.091232105
NGDN_HUMAN	0.000192058	0.012606133	0.589683876
FAKD4_HUMAN	0.000355081	0.104565174	0.359441987
PK1IP_HUMAN	0.022348985	0.906570493	0.082181141
LLPH_HUMAN	0.032490262	0.915365749	0.05580797
IF2A_HUMAN	0.004507826	0.043641544	0.443027714
VATG1_HUMAN	0.001669784	0.439219852	0.600897333
DPPA4_HUMAN	0.024851863	0.026871451	0.489468758
NDUBA_HUMAN	0.000129863	0.981559745	0.132891704
H2AZ_HUMAN	0.035814517	0.687159755	0.029010542
SAP18_HUMAN	1.49E-05	0.039827055	0.73265744
NDUV2_HUMAN	0.001288533	0.054840022	0.316008256
MGN2_HUMAN;MGN_HUMAN	7.45E-07	0.185380019	0.371988134
RM32_HUMAN	0.018756409	0.631191496	0.142078936
IMDH2_HUMAN	0.028663206	0.02360743	0.478905673
SMU1_HUMAN	0.000844324	0.567886558	0.747482778
SSF1_HUMAN	0.000856908	0.136313835	0.242947798
TOM20_HUMAN	0.005441029	0.82496403	0.628245155
F162A_HUMAN	0.001048694	0.738649645	0.994215689
TIF1B_HUMAN	0.001011717	0.023091662	0.359465021
IMP4_HUMAN	0.000150019	0.022890543	0.693352534
MPP10_HUMAN	0.004183518	0.267406098	0.357509842
RL34_HUMAN	0.042305737	0.06311466	0.700174953
NDUB7_HUMAN	0.003016518	0.889383325	0.172823863
GTR1_HUMAN	0.001082821	0.997388662	0.71650443
SPTB2_HUMAN	0.004731253	0.171860058	0.318247219
RFIP1_HUMAN	0.000996337	0.176982323	0.976199814
SRSF4_HUMAN	0.003639937	0.291212406	0.277294486
RRS1_HUMAN	0.016397047	0.188837348	0.129070375
RL10A_HUMAN	0.001422779	0.004802466	0.259728573
MFGM_HUMAN	0.004568651	0.482105624	0.080455845
LMNB1_HUMAN	0.008091795	0.744847271	0.456220904
BAZ1B_HUMAN	0.067017799	0.018426591	0.524497376
MYPT2_HUMAN	0.03070112	0.070395996	0.443302523
NDUS3_HUMAN	0.001090392	0.391619957	0.498131186
SYAM_HUMAN	0.008991307	0.242784704	0.157169076
LA_HUMAN	0.000800432	0.010549356	0.256925634
CDV3_HUMAN	0.022938914	0.114856949	0.075541356
RT33_HUMAN	0.000465742	0.012756282	0.598571589
RL22_HUMAN	0.000520619	0.603662755	0.372206162
ISY1_HUMAN	0.012795949	0.071236109	0.203083884
ANXA6_HUMAN	0.018322938	0.086713663	0.540010738
ORC1_HUMAN	0.002421723	0.116175306	0.191309271
S10AD_HUMAN	0.031181751	0.236892786	0.36284657
NCAS2_HUMAN	0.003515534	0.200805808	0.742727197
RAE1L_HUMAN	0.010081742	0.02203827	0.955767237
RM48_HUMAN	0.059065916	0.329315631	0.131702897
LAP2B_HUMAN;LAP2A_HUMAN	0.086421959	0.033919838	0.01981917
FUBP3_HUMAN	0.00019389	0.197331482	0.329067772
LAMA1_HUMAN	0.035602986	0.536837841	0.344694467
RPOB_MYCHJ	0.005944057	0.949047906	0.866926543
CCD12_HUMAN	0.06958952	0.108078416	0.019143518
CATD_HUMAN	0.013929194	0.007804878	0.728674006
UBF1_HUMAN	0.008308374	0.432949862	0.090774906
PCKGM_HUMAN	0.000239702	0.920634133	0.357086524
TCRG1_HUMAN	0.015846643	0.298387697	0.080886188
ENOA_HUMAN	0.000783882	0.304693701	0.04001761
NDUS7_HUMAN	0.000576781	0.434761454	0.420344588
PTBP3_HUMAN	0.000305143	0.046260271	0.178452073
ACOT8_HUMAN	0.001383195	0.267783257	0.72281273
NOL10_HUMAN	0.007622583	0.213399143	0.560521108
RM47_HUMAN	0.001528701	0.032650027	0.931918285
SRSF5_HUMAN	0.006095782	0.064565367	0.230719058
RT21_HUMAN	0.003207458	0.037942821	0.37940636
SAMD1_HUMAN	0.001259837	0.197361164	0.013443993
NC2B_HUMAN	0.00130104	0.206321404	0.507495206
PRDX3_HUMAN	0.000253617	0.170212843	0.848379529
SPTN1_HUMAN	0.000452507	0.953021851	0.137116711
BBC3_HUMAN	0.000167876	0.044424084	0.341798872
RM40_HUMAN	0.004496633	0.960811327	0.302537522
ZCHC3_HUMAN	0.002494046	0.401482051	0.87723976
SNW1_HUMAN	8.63E-05	0.100563799	0.288738409
H2A1H_HUMAN	0.05475536	0.062899294	0.369081229
ALKB5_HUMAN	0.025223895	0.405183377	0.087893128
THIK_HUMAN	0.005485902	0.296610986	0.681490161
CPNE3_HUMAN;CPNE4_HUMAN	0.027643884	0.361839161	0.416458399
NDUA2_HUMAN	0.00078686	0.664702329	0.01747661
RS23_HUMAN	0.006731192	0.081810195	0.770125328
CH10_HUMAN	0.016581017	0.066395663	0.175225309
RL18A_HUMAN	0.009805214	0.02484739	0.062558371
AASS_HUMAN	0.016277399	0.610984694	NA
AROS_HUMAN	0.106779654	0.010282245	0.269422871
ZMAT2_HUMAN	0.023278725	0.078831214	0.049107911
GRSF1_HUMAN	0.000841107	0.008163663	0.447598178
PTBP1_HUMAN	0.000870756	0.012665309	0.861893459
RT14_HUMAN	0.006657986	0.013593931	0.318346582
TIM10_HUMAN	0.001920335	0.5678083	0.660167186
CYC_HUMAN	0.037857523	0.147878447	0.448953687
DDX27_HUMAN	0.018058904	0.853864561	0.136969894
NDUS4_HUMAN	0.023791829	0.996129448	0.046214654
VATB1_HUMAN;VATB2_HUMAN	0.017136203	0.305178395	0.263376892
PPIF_HUMAN	0.012360265	0.788985443	0.389790217
HCDH_HUMAN	0.010244742	0.116841802	0.527106479
RL27A_HUMAN	0.009904515	0.028543292	0.828232186
DHX15_HUMAN	0.000777861	0.055489591	0.343010415
NSF_HUMAN	0.00226958	0.257329078	0.967242946
RU2B_HUMAN	0.02597242	0.271605689	0.032849526
RALY_HUMAN	0.001464507	0.99067615	0.615172259
RL10_HUMAN	0.017161523	0.01710449	0.775255582
FLNB_HUMAN;FLNC_HUMAN	0.024906683	0.924465755	0.119540369
CEBPZ_HUMAN	0.003987782	0.184172617	0.611060161
ABCF2_HUMAN	0.205385346	0.383066804	0.051027463
CHD1L_HUMAN	0.287509189	0.042708789	0.1794064
ELMO2_HUMAN	0.023253321	0.889117729	0.79608553
RS17_HUMAN	0.002367814	0.004517184	0.398809478
RM22_HUMAN	0.056244814	0.486053254	0.291825009
COX6C_HUMAN	0.013792316	0.20212711	0.017031229
KRI1_HUMAN	0.029132915	0.123491094	0.022852223
RBPMS_HUMAN	0.918132315	0.013871797	0.803646593
NIPS1_HUMAN	0.025647546	0.011494531	0.73570588
RD23B_HUMAN	0.010602495	0.086112952	0.919609035
SRPRA_HUMAN	0.007547867	0.085595553	0.213785424
ARI3B_HUMAN	0.011865662	0.265537083	0.012879847
BOREA_HUMAN	0.002234459	0.002807151	0.326270909
H2A1B_HUMAN;H2A1C_HUMAN	0.121598964	0.133651051	0.898227045
CFA46_HUMAN	0.136324758	0.3548004	0.261442743
DDX24_HUMAN	0.000304159	0.062851789	0.61599568
NDUA7_HUMAN	0.000185696	0.331068298	0.388377816
SRSF3_HUMAN	0.016914064	0.930854479	0.160713124
TIM8A_HUMAN	0.000452875	0.040482479	0.714160437
RL9_HUMAN	0.003397551	0.095851836	0.978421358
PR40A_HUMAN	0.013612104	0.629436903	0.213471748
RL4_HUMAN	0.004772975	0.006881238	0.426334118
SPF27_HUMAN	0.018835256	0.137960106	0.272700418
DDX5_HUMAN	0.002299253	0.640001565	0.942962174
RBMX_HUMAN	0.038222187	0.890737688	0.15520699
HIRP3_HUMAN	0.022997151	0.633234906	0.357995669
RSSA_HUMAN	0.05625129	0.044528903	0.085717884
ECHA_HUMAN	0.004065818	0.081193538	0.976414276
RM42_HUMAN	0.001530879	0.354820159	0.458486975
PABP1_HUMAN	0.007385476	0.008224461	0.490583301
DCA13_HUMAN	0.028958791	0.165192114	0.921558869
NU153_HUMAN	0.007470348	0.03479354	0.395938825
COX41_HUMAN	0.007959287	0.093434078	0.836157252
SUGP1_HUMAN	0.004874999	0.087905966	0.071612782
EZRI_HUMAN;RADI_HUMAN	0.018983778	0.040389747	0.145993756
AP2A1_HUMAN;AP2A2_HUMAN	0.024065368	0.01806482	0.874398301
AIFM1_HUMAN	0.034213024	0.115083848	0.20817429
CK098_HUMAN	0.008782472	0.038970443	0.75258497
PHB2_HUMAN	0.017347991	0.037865983	0.386111049
RS27L_HUMAN	0.000791085	0.358021272	0.701999044
RPA34_HUMAN	0.018098337	0.418265415	0.069932497
KPYM_HUMAN	0.172196596	0.023644291	0.747308358
SRSF6_HUMAN	0.012788935	0.223822423	0.254395308
DDX47_HUMAN	0.009968267	0.288985831	0.646782623
RS12_HUMAN	0.001019098	0.030262973	0.793349159
RL35A_HUMAN	0.00473692	0.024744824	0.610977222
RACK1_HUMAN	0.00102679	0.005206378	0.379010393
SNUT2_HUMAN	0.048811013	0.16444041	0.145810618
NDUA8_HUMAN	0.009595885	0.08710858	0.702715016
TIM14_HUMAN	0.009148413	0.398729841	0.761365769
ODPX_HUMAN	0.004012429	0.0620735	0.894075585
CC124_HUMAN	0.002848386	0.806013106	0.539864279
COX5B_HUMAN	0.003102213	0.943497284	0.062944891
MAP4_HUMAN	0.004180892	0.100332006	0.146500801
COR1C_HUMAN	0.013039175	0.24954535	0.396451792
RL12_HUMAN	0.018570292	0.131811741	0.060845949
NUMA1_HUMAN	0.079942766	0.059483896	0.699686447
BCL7B_HUMAN;BCL7A_HUMAN	0.002179903	0.682790217	0.749259894
P66A_HUMAN	0.093224321	0.036876851	0.198610936
RM51_HUMAN	0.011672608	0.115069523	0.088254314
IF2GL_HUMAN	0.005765034	0.19884838	0.632113026
HDHD5_HUMAN	0.003240381	0.241705869	0.742516382
KAD2_HUMAN	0.015333547	0.004628165	0.288992133
VATD_HUMAN	0.000613884	0.015726388	0.414003017
RS9_HUMAN	0.009224737	0.0173486	0.604882532
VATE1_HUMAN	0.012487765	0.428104136	0.790783764
RL17_HUMAN	0.015519419	0.022740058	0.865057588
BIP_HUMAN	0.002606497	0.219801751	0.531251181
NASP_HUMAN	0.173215639	0.00100105	0.154547421
SALL4_HUMAN	0.631624122	0.010045979	0.990806305
SMD2_HUMAN	0.001485324	0.020594565	0.358846531
RSMB_HUMAN	0.006042611	0.031142281	0.185837336
CCAR2_HUMAN	0.262697682	0.045434928	0.017282292
RM20_HUMAN	0.002245748	0.066235932	0.442112091
TARA_HUMAN	0.005238156	0.493421624	0.321827887
RL18_HUMAN	0.059730638	0.090752869	0.763971467
BAF_HUMAN	0.000770662	0.01954008	0.41777749
U520_HUMAN	0.001405717	0.294085592	0.850152946
G6PI_HUMAN	0.007641684	0.03095711	0.443481305
ATPD_HUMAN	0.013139789	0.813490356	0.787004421
ACSL4_HUMAN	0.043421285	0.568790494	0.254028315
REN3B_HUMAN	0.059230135	0.013251139	0.318750652
FAS_HUMAN	0.064267226	0.062821401	0.940063641
ODO1_HUMAN	0.013289349	0.121285413	0.64831698
CALD1_HUMAN	0.004362982	0.151824404	0.118793816
RBM8A_HUMAN	0.014257594	0.795451748	0.921437002
LYRM7_HUMAN	0.006402293	0.374755575	0.964490869
PERM_HUMAN	0.010800127	0.048845399	0.451677042
PINX1_HUMAN	0.00498902	0.380991741	0.234075288
VINC_HUMAN	0.031386748	0.060289992	0.035270885
PDS5B_HUMAN	0.153778863	0.219577325	0.718691296
ORC2_HUMAN	0.025990971	0.004786951	0.267468998
ENAH_HUMAN	0.004323423	0.781419248	0.828661902
LYAR_HUMAN	0.019053962	0.02605378	0.865939258
MIF_HUMAN	0.010657808	0.148264598	0.196073121
SRSF7_HUMAN	0.059404985	0.331820621	0.210130813
RL15_HUMAN	0.017090554	0.11768183	0.30186297
THIM_HUMAN	0.005102316	0.179592917	0.993786413
K1C18_HUMAN	0.014003461	0.549359858	0.327578079
GPTC4_HUMAN	0.077095375	0.084693464	0.048307377
RL31_HUMAN	0.003333583	0.008189661	0.435783673
LC7L2_HUMAN	0.013616215	0.191391981	0.322634413
NEP1_HUMAN	0.14080234	0.189400527	NA
HP1B3_HUMAN	0.07253418	0.076203646	0.28269041
PWP2A_HUMAN	0.010909235	0.026315877	0.016044595
EF1D_HUMAN	0.199088813	0.066694286	0.063007058
TPD54_HUMAN	0.010300415	0.182163471	0.436488212
HMGB3_HUMAN	0.002342071	0.213272393	0.601925013
TBB5_HUMAN;TBB2A_HUMAN;TBB3_HUMAN	0.050196607	0.008000682	0.620833398
CDC5L_HUMAN	0.006628865	0.368353033	0.471305339
RL23_HUMAN	0.001538235	0.047627526	0.449264423
KCRU_HUMAN	0.004701598	0.73527212	0.790555357
LAMB1_HUMAN;LAMB2_HUMAN	0.153514897	0.488914934	0.161711336
SERPH_HUMAN	0.019156126	0.256183106	0.681446289
RBBP4_HUMAN	0.018229299	0.195481968	0.641353295
RL14_HUMAN	0.004576043	0.006130851	0.258075138
PRP4B_HUMAN	0.009522496	0.952744483	0.826079518
RRFM_HUMAN	0.005686995	0.576585408	0.587370021
HNRPC_HUMAN	0.009734486	0.266830601	0.608445314
RM52_HUMAN	0.021738776	0.145520888	0.359570845
SELH_HUMAN	0.031222528	0.106030092	0.103513605
MAP7_HUMAN	0.413784257	0.258441119	0.622709913
RL13A_HUMAN	0.003715904	0.013150842	0.789109435
RLA0_HUMAN	0.000705527	0.021136658	0.495876553
K2C8_HUMAN	0.004747238	0.426715433	0.638158885
CX6B1_HUMAN	0.003999717	0.044783092	0.002206223
RL35_HUMAN	0.025949506	0.113375819	0.387039204
XRCC5_HUMAN	0.029017547	0.04115097	0.136960109
STMN1_HUMAN	0.166691667	0.110752876	0.09152406
DDX17_HUMAN;DDX3X_HUMAN	0.023779148	0.969909197	0.255356374
PRDX5_HUMAN	0.009637881	0.211522576	0.630679447
NU155_HUMAN	0.029401733	0.059418287	0.237743618
NDUV1_HUMAN	1.96E-07	0.014548384	0.106863222
CING_HUMAN	0.022959238	0.17951651	0.086867835
HS90A_HUMAN	0.034835888	0.393581516	0.428408908
NDUF2_HUMAN	0.000965046	0.129401599	0.207673648
HMGN4_HUMAN	0.03778966	0.213677366	0.445271546
MIC19_HUMAN	0.551063411	0.277512238	0.144615805
STAU1_HUMAN	0.000458374	0.133026605	0.028687252
NOP14_HUMAN	0.208941584	0.200483108	0.080511211
RS5_HUMAN	0.1582294	0.087375414	0.050480722
G3P_HUMAN	0.009475688	0.179199516	0.937680852
GLU2B_HUMAN	0.003312514	0.00698956	0.898317426
PUM3_HUMAN	0.01561911	0.052455071	0.694761643
RS27_HUMAN	0.019126057	0.100859404	0.101465324
DIM1_HUMAN	0.006356497	0.017688271	0.038233143
NID2_HUMAN	0.100187045	0.302507953	0.373336941
CU129_HUMAN	0.118871042	0.127734773	0.389283142
CHCH2_HUMAN	0.096007873	0.525393384	0.195891851
TERA_HUMAN	0.560591701	0.130597853	0.153616022
ACINU_HUMAN	0.442487885	0.010881336	0.067492721
MMTA2_HUMAN	0.260962278	0.032840231	0.357268735
PELP1_HUMAN	0.029107559	0.12963401	0.335096043
RAC1_HUMAN;RAC2_HUMAN	0.024307394	0.041829065	0.685920342
VEZF1_HUMAN	0.213292402	0.203425404	0.150501573
PCBP1_HUMAN	0.012425618	0.16825468	0.525108523
PABP4_HUMAN	0.080917995	0.025592356	0.236274077
PPIA_HUMAN	0.957086588	0.11303512	0.008339015
SMC1A_HUMAN	0.001789634	0.388455244	0.891868732
TCPZ_HUMAN	0.006862814	0.784010311	0.162631265
DDX10_HUMAN	0.057908068	0.098077656	0.548329576
F207A_HUMAN	0.146190333	0.035529034	0.046690602
RHOA_HUMAN;RHOC_HUMAN	0.850381261	0.009169316	0.276608816
HNRH1_HUMAN	0.004231282	0.327675149	0.703752176
DNJC8_HUMAN	0.011481067	0.095635083	0.109466272
H1T_HUMAN	0.156757403	0.242831005	0.292159479
K2C1_HUMAN	0.012675616	0.296210118	0.115992669
RL36_HUMAN	0.009986017	0.027163742	0.383979334
CAF1B_HUMAN	0.168683711	0.168683711	NA
IBP2_HUMAN	0.019676507	0.622159164	0.951081314
INCE_HUMAN	0.537314541	0.200003536	0.050219589
THOC4_HUMAN	0.000259465	0.447223354	0.320687306
LMNB2_HUMAN	0.002927427	0.147893969	0.279417836
DREB_HUMAN	0.031263026	0.01801171	0.091360254
RS14_HUMAN	0.051438075	0.061727521	0.904296188
IF2B_HUMAN	0.067543324	0.301582308	0.107651292
SRRM2_HUMAN	0.131376396	0.080133041	0.200628218
AKIP_HUMAN	0.001103967	0.187237635	0.047422653
NOL7_HUMAN	0.141242768	0.889289726	0.145492802
TCPG_HUMAN	0.030178347	0.382851205	0.596195076
H13_HUMAN	0.09979288	0.569514234	0.264071288
SF3B1_HUMAN	0.006854096	0.075952269	0.529240735
DDX54_HUMAN	0.025519692	0.056429697	0.408311846
RL8_HUMAN	0.00450652	0.00592072	0.927653564
ATN1_HUMAN	0.005343387	0.018405589	0.900870277
HNRPM_HUMAN	0.153370208	0.147501984	0.092073855
BRD3_HUMAN	0.85461568	0.071077884	0.937926675
RL6_HUMAN	0.002748497	0.025500846	0.104339966
SF01_HUMAN	0.014436583	0.077484069	0.042302927
SMC3_HUMAN	0.004595984	0.172778379	0.481003776
ECHB_HUMAN	0.013871694	0.355479938	0.826180301
ZN512_HUMAN	0.434933301	0.102784022	0.286448334
RCC2_HUMAN	0.454680158	0.850470241	0.061250121
NUCL_HUMAN	0.02157859	0.119381809	0.227549059
CBX1_HUMAN	0.085290345	0.076661658	0.140092824
P5CR2_HUMAN	0.571933798	0.003003848	0.513007385
CK5P3_HUMAN	0.027211973	0.200955373	0.829677054
CKAP2_HUMAN	0.193982199	0.12973045	0.035721403
SMD1_HUMAN	0.02943242	0.04099465	0.510381128
PSMD6_HUMAN	0.067527794	0.70038863	0.535879191
SYFB_HUMAN	0.017524891	0.313146736	0.583469104
ALBU_BOVIN	0.063112272	0.132448905	0.816192023
PSPC1_HUMAN	0.073889355	0.679454845	0.145497306
SLTM_HUMAN	0.070321639	0.516214317	0.230256784
RL27_HUMAN	0.001013449	0.072492724	0.406713926
SF3B3_HUMAN	0.034985425	0.459737702	0.753574388
PNKP_HUMAN	0.033618022	0.70692254	0.392583123
LBR_HUMAN	0.015563571	0.438463731	0.069099875
RS3_HUMAN	0.018578761	0.026254487	0.724249436
GORAB_HUMAN	0.134334073	0.320600131	0.436246731
RL11_HUMAN	0.020179935	0.217083701	0.74456559
SDHF4_HUMAN	0.056327384	0.696860999	0.698620265
CPSF7_HUMAN	0.012926275	0.735407431	0.928298405
HAP28_HUMAN	0.034411165	0.330125346	0.09848664
ZC11A_HUMAN	0.039797752	0.030638858	0.456852869
BMS1_HUMAN	0.050078074	0.254588206	0.608087271
LRC59_HUMAN	0.040556864	0.944272827	0.12210626
NDUF3_HUMAN	0.013948905	0.980646724	0.694487948
AK17A_HUMAN	0.055830623	0.917093304	0.71044429
RU2A_HUMAN	0.129647699	0.293061579	0.148708538
RUXE_HUMAN	0.000333296	0.471663466	0.947026245
COXM2_HUMAN	0.051084609	0.132905951	0.985336266
RS15A_HUMAN	0.00633371	0.021237255	0.464301374
UTP11_HUMAN	0.009361385	0.013812963	0.704422204
RS7_HUMAN	0.040235187	0.06772402	0.773174526
ILF3_HUMAN;STRBP_HUMAN	0.001192381	0.079041738	0.712792837
MOES_HUMAN	0.131764175	0.117649365	0.045414146
SRP09_HUMAN	0.214611041	0.256673837	0.57159127
DPY30_HUMAN	0.415771793	0.033130837	0.38684961
P5CS_HUMAN	0.077386763	0.566035782	0.352952429
WDR1_HUMAN	0.306188096	0.771308924	0.063187678
LSM4_HUMAN	0.018434348	0.042925937	0.812642557
TBA1A_HUMAN	0.265574464	0.267333826	0.051564178
RRP1B_HUMAN	0.865552872	0.026271374	0.037134543
PIN4_HUMAN	0.152179137	0.173031945	0.045140131
TPM1_HUMAN	0.439650952	0.552068215	0.0361566
APEX1_HUMAN	0.006710771	0.037269569	0.721076827
NUP93_HUMAN	0.01875425	0.023284935	0.687223022
RL26_HUMAN	0.019030152	0.018540749	0.822786099
ZNF22_HUMAN;ZSC20_HUMAN	0.284494009	0.09579751	0.661399146
RM33_HUMAN	0.008134561	0.369822502	0.741516573
RS6_HUMAN	0.180846185	0.008883293	0.258107222
CHCH1_HUMAN	0.064878075	0.173601279	0.396551679
CAZA1_HUMAN;CAZA2_HUMAN	0.068621974	0.243547836	0.807159251
PRDX2_HUMAN	0.84276101	0.030885597	0.113429252
HMGB1_HUMAN	0.038958713	0.145056678	0.364843081
ROAA_HUMAN	0.150294868	0.275457043	0.064644542
DJC17_HUMAN	0.098929417	0.029634327	0.176962575
SRP14_HUMAN	0.381732462	0.038237709	0.41205188
H4_HUMAN	0.020596808	0.079343242	0.420713318
EF2_HUMAN	0.020021875	0.70053304	0.01498203
KNOP1_HUMAN	0.607997121	0.033691814	0.080432471
KI67_HUMAN	0.329730412	0.355015212	0.129668278
CHTOP_HUMAN	0.049499527	0.08732334	0.369772335
DD19A_HUMAN	0.142611426	0.038371	0.1109593
TCPD_HUMAN	0.022409672	0.430019957	0.059715298
H33_HUMAN	0.055819939	0.013634238	0.162075952
H31_HUMAN	0.055819939	0.013634238	0.162075952
SNAA_HUMAN	0.049284497	0.047888678	0.637086582
SARNP_HUMAN	0.591255126	0.817349773	0.113291763
H2AV_HUMAN	0.332488179	0.152806489	0.021634611
RS4X_HUMAN	0.01011051	0.106585783	0.301206256
NDUAC_HUMAN	0.685451457	0.049378847	0.576742364
SETLP_HUMAN;SET_HUMAN	0.582320403	0.041971122	0.031526022
DNM3A_HUMAN	0.029583284	0.593429323	0.360104917
EDF1_HUMAN	0.028350998	0.804613293	0.22964022
DSRAD_HUMAN	0.060228726	0.237124323	0.336199236
RU17_HUMAN	0.047061676	0.49951843	0.812299097
ILF2_HUMAN	0.101053618	0.643158963	0.314449523
TBCA_HUMAN	0.039455804	0.73420465	0.078844538
1433F_HUMAN	0.030829551	0.615729657	0.659213951
SDHB_HUMAN	0.051858572	0.665969281	0.723449469
COX7C_HUMAN	0.000653408	0.566587516	0.205478955
NUCB1_HUMAN	0.079394152	0.882626737	0.807455569
CGBP1_HUMAN	0.093454516	0.129893635	0.088334929
K1C10_HUMAN;K1C13_HUMAN	0.009461682	0.891578736	0.095399149
TKT_HUMAN	0.269143376	0.008289392	0.399661698
LEF1_HUMAN	0.674780896	0.305635749	0.438971668
KHDR1_HUMAN	0.909562701	0.02777827	0.187398695
RPB3_HUMAN	0.03605083	0.919912679	0.847097214
FEN1_HUMAN	0.943660392	0.012194118	0.29131671
RL21_HUMAN	0.096622063	0.036455517	0.061771784
UIF_HUMAN	0.358038653	0.153381037	0.090723922
IMB1_HUMAN	0.032309583	0.208524758	0.038231879
EXOS5_HUMAN	0.046133362	0.086511206	0.772546848
CPSF1_HUMAN	0.018966502	0.058938791	0.576262409
AR6P4_HUMAN	0.029519584	0.595101546	0.140756692
PPIB_HUMAN	0.007554749	0.034653543	0.343743332
RBM34_HUMAN	0.486721141	0.072492607	0.039572682
RRBP1_HUMAN	0.018479915	0.02726872	0.578148914
PRS6B_HUMAN	0.078424988	0.547213906	0.052150847
NONO_HUMAN	0.033926416	0.152212133	0.341625579
CHD4_HUMAN	0.233587252	0.48232618	0.596935332
RBM39_HUMAN	0.092355193	0.391809187	0.320342177
PLRG1_HUMAN	0.139552599	0.431954622	0.242785259
NAT10_HUMAN	0.093829725	0.206461329	0.110786033
RL19_HUMAN	0.043446065	0.347626833	0.28719701
C2D1A_HUMAN	0.353033113	0.191380173	0.020619263
PRP19_HUMAN	0.201089363	0.439030478	0.537688684
ECH1_HUMAN	0.008673304	0.185969932	0.550405647
RS13_HUMAN	0.023027838	0.005008135	0.706308754
RL36A_HUMAN	0.157779057	0.073536537	0.303115003
SRSF2_HUMAN	0.372388161	0.770524249	0.253525629
RL29_HUMAN	0.086397843	0.105460123	0.22923757
PDIA3_HUMAN	0.207394668	0.114404118	0.294205661
PPIG_HUMAN	0.023238997	0.487673887	0.979709069
RCL1_HUMAN	0.369369745	0.998111672	0.292312916
PA1B3_HUMAN	0.013454596	0.406898578	0.188593776
ATP5I_HUMAN	0.202928858	0.896610793	0.433075414
CLCA_HUMAN	0.342784234	0.189001318	0.236834739
NPM_HUMAN	0.939175002	0.053291049	0.064555458
MYH10_HUMAN	0.108397859	0.10813249	0.672402631
RL1D1_HUMAN	0.050914691	0.564512431	0.022499403
TADBP_HUMAN	0.386028489	0.399137404	0.097435337
FUBP1_HUMAN	0.367844541	0.096583572	0.052120653
NDKA_HUMAN	0.074760091	0.121198465	0.918070854
ATF1_HUMAN	0.140695177	0.217859504	0.023005834
MFAP1_HUMAN	0.0893297	0.686117522	0.394744297
HXK3_HUMAN	0.035608234	0.058081222	0.421957838
PRPF3_HUMAN	0.210827251	0.251641259	0.016379564
RS25_HUMAN	0.239597898	0.059885872	0.366502232
RL13_HUMAN	0.024241887	0.021784819	0.991604599
EF1G_HUMAN	0.761860439	0.414681937	0.065624846
ROA0_HUMAN	0.05306221	0.650101995	0.684876997
HS71B_HUMAN;HS71A_HUMAN	0.03366036	0.107040636	0.399708985
RS19_HUMAN	0.031683583	0.061447344	0.994735871
PHF6_HUMAN	0.48230898	0.148733806	0.606442374
H10_HUMAN	0.007016656	0.90239172	0.006830539
APR_HUMAN	0.021088997	0.575294411	0.441025891
NOL11_HUMAN	0.069236279	0.356234977	0.967508937
RS24_HUMAN	0.685060271	0.174576401	0.037481827
LON_MYCMO	0.13558169	0.875636854	0.655331068
TRYP_PIG	0.042613582	0.880737292	0.238714398
TMA16_HUMAN	0.099555831	0.271840434	0.401622913
ZO1_HUMAN	0.022627012	0.244371723	0.038616761
FKBP3_HUMAN	0.132839082	0.718028	0.47374576
TCP4_HUMAN	0.254663212	0.398706688	0.325353886
AATF_HUMAN	0.020680531	0.689437274	0.877608764
CDC37_HUMAN	0.842849293	0.268961441	0.022983431
ELYS_HUMAN	0.422590404	0.11970768	0.143296991
VIME_HUMAN;DESM_HUMAN	0.573460208	0.977238927	0.221824612
ANXA7_HUMAN	0.09018057	0.881568674	0.542748631
EAF6_HUMAN	0.033369762	0.203175346	0.906306135
RS15_HUMAN	0.004458133	0.062046751	0.70687315
RSRC2_HUMAN	0.036806844	0.645702866	0.584458445
TPM3_HUMAN	0.210656643	0.570921866	0.010399745
ATIF1_HUMAN	0.490947107	0.011464886	0.660676981
H2A1D_HUMAN	0.09386802	0.044609553	0.997203343
ACTN4_HUMAN	0.084212228	0.114743887	0.607629415
LSM3_HUMAN	0.297144175	0.454388364	0.078193753
ANXA5_HUMAN	0.098856906	0.491418061	0.211214339
DDX49_HUMAN	0.167277593	0.188396084	0.991415231
PDIA1_HUMAN	0.021083821	0.03820814	0.941213881
T10B_HUMAN	0.000534606	0.776786082	0.169935494
PEX14_HUMAN	0.58429317	0.097452102	0.22110002
RL39_HUMAN	0.095147435	0.135473736	0.495125215
PGAM1_HUMAN;PGAM4_HUMAN	0.120837435	0.134902314	0.161395299
HSP7C_HUMAN	0.182193986	0.064845724	0.452835652
RUVB2_HUMAN	0.04554878	0.682474513	0.824576662
RRP15_HUMAN	0.040928605	0.038552157	0.58009676
CWC15_HUMAN	0.344032871	0.076144841	0.274896012
ELMO1_HUMAN	0.36065573	0.129087414	0.052254315
M4K3_HUMAN	0.072394845	0.377194295	0.371900346
H2B1H_HUMAN;H2B1B_HUMAN;H2B2E_HUMAN	0.077745269	0.082031714	0.778420978
EF1A3_HUMAN;EF1A1_HUMAN;EF1A2_HUMAN	0.177905993	0.330013866	0.056590286
PQBP1_HUMAN	0.222646341	0.212859207	0.101173333
PYM1_HUMAN	0.935702849	0.129841418	0.071367828
RNPS1_HUMAN	0.068319724	0.58460332	0.541574828
PTBP2_HUMAN	0.03251009	0.198082658	0.840671453
FLNA_HUMAN	0.324386791	0.117725334	0.097438688
ROA1_HUMAN	0.18436554	0.181051513	0.209075315
DEK_HUMAN	0.200211735	0.134837927	0.732435353
RL7A_HUMAN	0.162462811	0.069271354	0.429727161
SMCE1_HUMAN	0.157676052	0.133308716	0.098787579
RS16_HUMAN	0.003547704	0.021132973	0.865049393
RBM14_HUMAN	0.793873455	0.008051984	0.862227971
UTP18_HUMAN	0.565895481	0.589932726	0.176509308
ENY2_HUMAN	0.415924128	0.060513326	0.307320068
H2A2C_HUMAN	0.191828194	0.031224738	0.694698147
RS29_HUMAN	0.966516377	0.015283529	0.351448296
TR150_HUMAN	0.063009286	0.197420293	0.63869892
H1X_HUMAN	0.042688271	0.703631843	0.461397256
SNRPA_HUMAN	0.037174332	0.169336574	0.773903731
U2AF2_HUMAN	0.223156987	0.932959482	0.608166766
PICAL_HUMAN	0.160247514	0.185514475	0.409806687
RBM25_HUMAN	0.665927309	0.031734321	0.17418217
MBB1A_HUMAN	0.225672638	0.690161754	0.055836666
CHAP1_HUMAN	0.196551555	0.47847156	0.506348187
PGAM5_HUMAN	0.023760737	0.077165831	0.282666235
RS21_HUMAN	0.164467343	0.221014482	0.422662809
RASK_HUMAN	0.059044203	0.540676445	0.6530584
RL28_HUMAN	0.183921519	0.130426954	0.733823688
RS11_HUMAN	0.602395435	0.073269077	0.144570841
H2B1J_HUMAN;H2B1K_HUMAN;H2B1C_HUMAN	0.042430553	0.133119275	0.874584518
DNJA1_HUMAN	0.220669812	0.118441982	0.313972664
PHIP_HUMAN	0.069514497	0.953755889	0.308737241
RL7_HUMAN	0.001086653	0.145326312	0.732665082
ETFB_HUMAN	0.203555194	0.136486166	0.46026146
LSG1_HUMAN	0.352828699	0.33346487	0.070536526
CBX3_HUMAN	0.097413675	0.12876467	0.432600649
NOLC1_HUMAN	0.851575773	0.380005291	0.103868682
CCD86_HUMAN	0.464285062	0.005562931	0.438310441
PDIP3_HUMAN	0.651827868	0.070297027	0.181707332
DDB1_HUMAN	0.768336339	0.129620756	0.498265114
SFPQ_HUMAN	0.096525765	0.043379395	0.677137675
WBP11_HUMAN	0.824504356	0.126220361	0.044505234
ELAV1_HUMAN	0.140825434	0.059242834	0.388221916
SND1_HUMAN	0.293700218	0.071946744	0.619234927
HNRPK_HUMAN	0.32668924	0.900545335	0.259664204
SR140_HUMAN	0.260406099	0.244366787	0.513941267
G3BP2_HUMAN	0.936381329	0.109254902	0.426879737
PGK1_HUMAN	0.109838859	0.471437819	0.26211428
AMRP_HUMAN	0.065115847	0.144205023	0.317457327
HMGB2_HUMAN	0.823156406	0.172280459	0.181133083
RL38_HUMAN	0.851249249	0.158332564	0.345545472
H2A1J_HUMAN	0.050104764	0.040355678	0.383727765
NDUS6_HUMAN	0.06800686	0.656941353	0.630626469
SF3A3_HUMAN	0.351415497	0.825027461	0.450767255
RL23A_HUMAN	0.334474599	0.565009616	0.24771138
SF3B2_HUMAN	0.631837845	0.643721586	0.120802279
EWS_HUMAN	0.764636334	0.138165537	0.120606822
ALDOA_HUMAN	0.04008553	0.490943112	0.026054285
RTN4_HUMAN	0.088385124	0.554135484	0.526351237
RS18_HUMAN	0.102759973	0.094341775	0.687097828
CREB1_HUMAN	0.515763258	0.080036517	0.284779701
MESD_HUMAN	0.152217707	0.626449459	0.615486235
BCLF1_HUMAN	0.294577057	0.306306739	0.091502439
PCCA_HUMAN	0.086970945	0.573727629	0.748597539
TPM4_HUMAN;TPM2_HUMAN	0.190758885	0.194542753	0.119186578
TOM22_HUMAN	0.172804835	0.288986143	0.25167497
TOP2B_HUMAN	0.255294387	0.933026705	0.646484194
OTX2_HUMAN	0.088513708	0.589925983	0.461621652
H2B2F_HUMAN	0.058921657	0.959285941	0.895398531
RS28_HUMAN	0.258071732	0.200149187	0.413630626
DAZP1_HUMAN	0.161659907	0.508293665	0.08134543
H2AJ_HUMAN	0.464632049	0.081516403	0.482410625
RL32_HUMAN	0.017215999	0.483265571	0.461779243
HDGR2_HUMAN	0.248214928	0.1349922	0.63951804
HNRPD_HUMAN	0.055089101	0.196520949	0.946485641
NUCKS_HUMAN	0.237033725	0.198587292	0.218604891
GTF2I_HUMAN	0.002840387	0.356417986	0.085194526
HNRPQ_HUMAN	0.882076441	0.89185381	0.147547376
CALM1_HUMAN	0.206618993	0.208105496	0.316549717
PSMD2_HUMAN	0.140828988	0.234272055	0.468462573
IF1AX_HUMAN	0.128401102	0.119652322	0.761001004
SRRM1_HUMAN	0.360912571	0.63327111	0.238838011
PABP2_HUMAN	0.022075705	0.384470491	0.972996936
TDIF2_HUMAN	0.080308902	0.276642033	0.548958737
EIFCL_HUMAN	0.192883217	0.030069381	0.081945521
K1C9_HUMAN	0.499107402	0.338030622	0.468562081
PHF5A_HUMAN	0.256673389	0.865717828	0.555376491
FCF1_HUMAN	0.098412316	0.862499333	0.81583306
GLYR1_HUMAN	0.913690902	0.573441069	0.12528948
PUR6_HUMAN	0.212090009	0.131330591	0.605766357
RL5_HUMAN	0.690070504	0.433739163	0.122562106
DDX52_HUMAN	0.917351723	0.797491505	0.105656488
LN28A_HUMAN	0.602298946	0.124428573	0.839147601
NU133_HUMAN	0.433984925	0.146131994	0.18780199
PCBP2_HUMAN	0.012246439	0.129342374	0.546381595
SRSF1_HUMAN	0.511943063	0.956114829	0.224010325
H12_HUMAN	0.143247609	0.546766681	0.516920312
RBM4B_HUMAN	0.096526246	0.549934988	0.124719124
SPF30_HUMAN	0.077346372	0.96285322	0.060465232
SMCA4_HUMAN	0.192406688	0.187203312	0.426515262
TCPB_HUMAN	0.341050541	0.226577982	0.66285733
ARGL1_HUMAN	0.312400215	0.514503282	0.074627291
XRCC6_HUMAN	0.727167794	0.45185593	0.078880849
RRP36_HUMAN	0.539565375	0.2148137	0.155207502
CTNA1_HUMAN;CTNA2_HUMAN	0.458619865	0.111907051	0.38068098
TFAM_HUMAN	0.557079879	0.174154595	0.470388457
TPR_HUMAN	0.270904588	0.4033755	0.283872006
EXOS8_HUMAN	0.277415288	0.54788083	0.875787414
LIN7C_HUMAN	0.329407122	0.123579623	0.404818898
CHERP_HUMAN	0.171310613	0.201317085	0.468063597
DHB4_HUMAN	0.650824295	0.05342912	0.656538067
SF3A1_HUMAN	0.836175918	0.821412289	0.129462292
RED_HUMAN	0.343026776	0.379522887	0.365830666
H2B3B_HUMAN	0.346505156	0.474364337	0.385199079
GBRAP_HUMAN	0.190931194	0.815256725	0.853481669
G3BP1_HUMAN	0.63466575	0.149120495	0.516733353
CS025_HUMAN	0.185921083	0.501992493	0.626233243
RS3A_HUMAN	0.481536975	0.124732067	0.495616991
RTRAF_HUMAN	0.236563578	0.698438834	0.606512343
PININ_HUMAN	0.376627258	0.47922068	0.112089145
GANAB_HUMAN	0.41207945	0.083874705	0.938741425
LSM7_HUMAN	0.788681645	0.741862235	0.156282959
RPC22_HUMAN	0.313702404	0.132996823	0.051041658
YBOX3_HUMAN	0.842681246	0.973182567	0.150257115
CHMP5_HUMAN	0.170116117	0.450669649	0.638366515
ACTG_HUMAN;ACTB_HUMAN;ACTA_HUMAN	0.327830272	0.122184486	0.433515365
NOC2L_HUMAN	0.088667745	0.838197564	0.861276292
MPP8_HUMAN	0.773112676	0.217741847	0.309254797
WDR43_HUMAN	0.168486113	0.343945033	0.633954187
HNRPL_HUMAN	0.216005758	0.387465431	0.909505981
RS26L_HUMAN;RS26_HUMAN	0.3114367	0.630126722	0.171061834
SNR40_HUMAN	0.561196577	0.270755052	0.161676152
DDX50_HUMAN	0.115824927	0.218390428	0.423230371
H2A2B_HUMAN	0.478207164	0.710888957	0.211898482
GBB1_HUMAN	0.172865609	0.123449687	0.564368108
ROA2_HUMAN	0.298666103	0.611739054	0.195702223
RS8_HUMAN	0.559761062	0.43250776	0.447344496
WDR18_HUMAN	0.443101368	0.327458651	0.70011433
DDX1_HUMAN	0.239341743	0.162500518	0.343145715
SAS10_HUMAN	0.89977482	0.771675267	0.144048912
2AAA_HUMAN	0.533306271	0.147386203	0.458442607
ACTBL_HUMAN	0.142202748	0.107163176	0.264112846
MFR1L_HUMAN	0.279272906	0.497747511	0.178087138
CTND1_HUMAN	0.854009172	0.222699785	0.295700387
SERA_HUMAN	0.022690227	0.949875277	0.178799221
SCFD1_HUMAN	0.086601112	0.264157388	0.64425792
NDUB1_HUMAN	0.254981145	0.254981145	0.296665037
SP16H_HUMAN	0.423486358	0.312403947	0.487230381
UVRB_MYCPE	0.073558484	0.090608793	0.830407197
PFD6_HUMAN	0.047253376	0.604899401	0.310854394
RS30_HUMAN	0.376804891	0.218258648	0.834707412
NFYA_HUMAN	0.510458688	0.829431705	0.847632595
API5_HUMAN	0.917802842	0.600156479	0.183622266
RS10_HUMAN	0.239867626	0.490414822	0.864057384
H2AX_HUMAN	0.23290003	0.987182322	0.330898826
RUVB1_HUMAN	0.465581341	0.078866885	0.773424493
HNRPU_HUMAN	0.215507296	0.945069537	0.169005663
SNUT1_HUMAN	0.540588406	0.524446194	0.268072219
ML12A_HUMAN;ML12B_HUMAN;MYL9_HUMAN	0.718873024	0.016653716	0.910911138
IMA1_HUMAN	0.757081177	0.489805068	0.476317085
RL30_HUMAN	0.15326414	0.424453972	0.474536197
TCPA_HUMAN	0.096357308	0.741111859	0.277915504
SAFB1_HUMAN	0.130019787	0.122067907	0.712288173
IF2B2_HUMAN	0.367951625	0.634474206	0.171533347
OCAD1_HUMAN	0.379295051	0.604384072	0.291739093
LONP2_HUMAN	0.560298117	0.411768503	0.596324308
CD1E_HUMAN	0.667272867	0.772546329	0.98533991
MATR3_HUMAN	0.394400828	0.600422351	0.244332734
RS20_HUMAN	0.347229071	0.263887666	0.354901496
MSH2_HUMAN	0.866403495	0.544305193	0.404999419
MCM3_HUMAN	0.834334649	0.976986851	0.560169888
LARP1_HUMAN	0.575586313	0.974451146	0.437564372
RAP1A_HUMAN	0.803232123	0.712434225	0.703013858
H15_HUMAN	0.962915881	0.472112642	0.50869783
ARPC4_HUMAN	0.771843078	0.572558088	0.33273614
ZCH18_HUMAN	0.478337387	0.463643861	0.620172849
SODC_HUMAN	0.164549847	0.745423766	0.360121639
HXK1_HUMAN	0.385767142	0.933859343	0.975981388
DJB11_HUMAN	0.869777165	0.296332951	0.763163714
YBOX1_HUMAN	0.608783294	0.694672839	0.271824502
GLE1_HUMAN	0.902666704	0.586042593	0.337448625
PDIA4_HUMAN	0.288577617	0.504277476	0.476082795
DNJC9_HUMAN	0.709903463	0.963304359	0.342846286
MYH9_HUMAN	0.618759537	0.011120062	0.475127939
PUR9_HUMAN	0.743168256	0.112560799	0.894054876
DDX42_HUMAN	0.132521453	0.618537766	0.710271264
RTCB_HUMAN	0.885283647	0.543137353	0.721906353
UTP15_HUMAN	0.756783065	0.312598828	0.522222347
SPF45_HUMAN	0.274413445	0.602628007	0.769397719
GULP1_HUMAN	0.598837732	0.346921171	0.571091676
ABCF1_HUMAN	0.335884722	0.837638458	0.173466946
CTNB1_HUMAN	0.469279939	0.471317052	0.497889338
CCD58_HUMAN	0.507055685	0.721117191	0.601929409
CALR_HUMAN	0.386288728	0.362774277	0.437115943
PDIA6_HUMAN	0.725419254	0.328394592	0.984648087
NUP98_HUMAN	0.837942921	0.384104867	0.859977866
COF1_HUMAN	0.676458383	0.9361707	0.660120143
GORS2_HUMAN	0.243301844	0.81727532	0.272665296
SREK1_HUMAN	0.352888099	0.629585091	0.648180576
HNRC1_HUMAN	0.793338361	0.522281163	0.52097909
PRC2C_HUMAN	0.96572086	0.876384427	0.660192525
ENPL_HUMAN	0.546117642	0.276500738	0.555044754
FXR1_HUMAN	0.488234564	0.510780496	0.91793816
SSRP1_HUMAN	0.7392348	0.372284238	0.493197468
H14_HUMAN	0.985457667	0.407352804	0.904012902
SOX2_HUMAN;SOX1_HUMAN	0.989846692	0.646376625	0.863598531
TOP1_HUMAN	0.907907363	0.468191146	0.852666683
SRS11_HUMAN	0.54234806	0.62064724	0.569745637
SIM20_HUMAN	0.909076037	0.24847232	0.788133139
PYGM_HUMAN	0.615719499	0.886817937	0.755574383
ZN581_HUMAN	0.120191958	0.454107504	0.829471198
RBM22_HUMAN	0.457917712	0.797868344	0.916287935
CIRBP_HUMAN	0.543680284	0.67820172	0.714542598
TLL2_HUMAN	0.6433329	0.956862362	0.799218632
CLH1_HUMAN	0.637122146	0.875529281	0.826115151
IF2_MYCMO	0.699286329	0.40468569	0.171666572
RBP56_HUMAN	0.843828107	0.665793165	0.966279834
RPAB2_HUMAN	0.229781648	0.934401009	0.129109529
UFL1_HUMAN	0.907003761	0.427858224	0.786389336
FA98A_HUMAN	0.917200668	0.54943121	0.634421013
RAIN_HUMAN	0.989301401	0.456529888	0.887408092
